 0.0 0.8890
 0.5 0.9610
 1.0 0.5069
 1.5 0.6816
 2.0 0.6497
 2.5 0.8320
 3.0 0.9997
 3.5 0.9118
 4.0 0.4434
 4.5 0.7696
 5.0 0.0315
 5.5 0.0968
 6.0 0.7496
 6.5 0.4306
 7.0 0.4364
 7.5 0.8356
 8.0 0.7730
 8.5 0.4640
 9.0 0.6955
 9.5 0.4421
10.0 0.5894
10.5 0.1241
11.0 0.9662
11.5 0.8401
12.0 0.2138
12.5 0.5440
13.0 0.7345
13.5 0.0129
14.0 0.5200
14.5 0.2456
15.0 0.8909
15.5 0.5306
16.0 0.6358
16.5 0.1677
17.0 0.8518
17.5 0.0805
18.0 0.9825
18.5 0.1236
19.0 0.2991
19.5 0.2501
20.0 0.9640
20.5 0.3768
21.0 0.0947
21.5 0.7227
22.0 0.2040
22.5 0.7163
23.0 0.7303
23.5 0.2354
24.0 0.1129
24.5 0.6004
25.0 0.2691
25.5 0.5838
26.0 0.9777
26.5 0.3671
27.0 0.5156
27.5 0.5021
28.0 0.7848
28.5 0.2847
29.0 0.7845
29.5 0.2775
30.0 0.5526
30.5 0.8913
31.0 0.8338
31.5 0.5224
32.0 0.6494
32.5 0.3453
33.0 0.3988
33.5 0.8888
34.0 0.7122
34.5 0.7610
35.0 0.3625
35.5 0.5615
36.0 0.9557
36.5 0.3066
37.0 0.4428
37.5 0.7851
38.0 0.1784
38.5 0.6512
39.0 0.4341
39.5 0.4679
40.0 0.2677
40.5 0.7122
41.0 0.8931
41.5 0.3256
42.0 0.8629
42.5 0.8283
43.0 0.7177
43.5 0.0913
44.0 0.7417
44.5 0.9339
45.0 0.2683
45.5 0.3664
46.0 0.5154
46.5 0.8939
47.0 0.5996
47.5 0.7702
48.0 0.4124
48.5 0.2792
49.0 0.8283
49.5 0.2524
50.0 0.4724
50.5 0.8017
51.0 0.6578
51.5 0.2720
52.0 0.0616
52.5 0.0170
53.0 0.0469
53.5 0.0558
54.0 0.2122
54.5 0.7726
55.0 0.1205
55.5 0.9509
56.0 0.5813
56.5 0.1328
57.0 0.2576
57.5 0.8337
58.0 0.8222
58.5 0.3150
59.0 0.5566
59.5 0.3512
60.0 0.1904
60.5 0.0826
61.0 0.7726
61.5 0.6531
62.0 0.2848
62.5 0.3266
63.0 0.4015
63.5 0.4116
64.0 0.0966
64.5 0.3247
65.0 0.4867
65.5 0.9142
66.0 0.5126
66.5 0.2876
67.0 0.6362
67.5 0.3429
68.0 0.5928
68.5 0.2208
69.0 0.8588
69.5 0.2161
70.0 0.1583
70.5 0.2853
71.0 0.5486
71.5 0.8957
72.0 0.5844
72.5 0.2855
73.0 0.3549
73.5 0.6055
74.0 0.1614
74.5 0.1039
75.0 0.0169
75.5 0.4775
76.0 0.5372
76.5 0.7804
77.0 0.0613
77.5 0.9628
78.0 0.5765
78.5 0.1826
79.0 0.8144
79.5 0.4634
80.0 0.9686
80.5 0.4831
81.0 0.7906
81.5 0.8026
82.0 0.3149
82.5 0.3023
83.0 0.8590
83.5 0.0763
84.0 0.7143
84.5 0.9423
85.0 0.6224
85.5 0.6655
86.0 0.3407
86.5 0.3143
87.0 0.6862
87.5 0.7302
88.0 0.2927
88.5 0.5682
89.0 0.5727
89.5 0.0997
90.0 0.6177
90.5 0.8470
91.0 0.3731
91.5 0.3052
92.0 0.8707
92.5 0.9363
93.0 0.0562
93.5 0.2348
94.0 0.6086
94.5 0.3331
95.0 0.6402
95.5 0.3765
96.0 0.2621
96.5 0.5690
97.0 0.0976
97.5 0.5674
98.0 0.9775
98.5 0.8412
99.0 0.5910
99.5 0.3606
100.0 0.1039
